1.3272643052337185e18
8.180325095433357e15
1.6976555807803875e13
2.66828257852841e9
3.2461636141806655e9
